{"nbformat":4,"nbformat_minor":0,"metadata":{"colab":{"provenance":[{"file_id":"15JdYlaxwCth3CHftCY6uuEq8EI5D7xCK","timestamp":1686005164734},{"file_id":"1qYenjehTR9lgsKwuY-adqBSOGfWHUi6I","timestamp":1685807157677}],"collapsed_sections":["uvMaMW51BqA5"],"mount_file_id":"15JdYlaxwCth3CHftCY6uuEq8EI5D7xCK","authorship_tag":"ABX9TyNChJqdWxKMDCHfdLWDFZ1d"},"kernelspec":{"name":"python3","display_name":"Python 3"},"language_info":{"name":"python"}},"cells":[{"cell_type":"markdown","source":["#1"],"metadata":{"id":"aqBD1q4TWd5c"}},{"cell_type":"markdown","source":["Импортируем библиотеки для анализа данных numpy, pandas) и для построения графиков"],"metadata":{"id":"Jh6Fm5aMxz92"}},{"cell_type":"code","source":["import pandas as pd\n","import numpy as np\n","\n","from sklearn import preprocessing # обучение\n","import matplotlib.pyplot as plt  # графики\n","import seaborn as sns"],"metadata":{"id":"8Wzusoxhx_Kg","executionInfo":{"status":"ok","timestamp":1686001875681,"user_tz":-180,"elapsed":1744,"user":{"displayName":"daniel","userId":"08533258898488771129"}}},"execution_count":2,"outputs":[]},{"cell_type":"code","source":["df = pd.read_csv('/content/drive/MyDrive/Colab Notebooks/heart.csv') \n","# загружаем датасет"],"metadata":{"id":"vbfXGwjxvpwn","executionInfo":{"status":"ok","timestamp":1686001876079,"user_tz":-180,"elapsed":401,"user":{"displayName":"daniel","userId":"08533258898488771129"}}},"execution_count":3,"outputs":[]},{"cell_type":"markdown","source":["Краткое описание признаков:\n","\n","Age : возраст пациента\n","\n","Sex : пол пациента\n","\n","exang: стенокардия из-за физической наргузки (1 = да; 0 = нет)\n","\n","ca: количество крупных сосудов (0-3)\n","\n","cp : тип грудной боли\n","\n","Value 1: типичная стенокардия\n","Value 2: нетипичная стенокардия\n","Value 3: боль без стенокардии\n","Value 4: бессимптомная боль\n","\n","trtbps : артериальное давление в покое (in mm Hg)\n","\n","chol : холестерин в мг\n","\n","fbs : (уровень сахара в крови натощак > 120 мг/дл(децилитр)) (1 = true; 0 = false)\n","\n","rest_ecg : электрокардиография в покое\n","\n","Value 0: нормальное значение\n","Value 1: having ST-T wave abnormality (T wave inversions and/or ST elevation or depression of > 0.05 mV)\n","Value 2: showing probable or definite left ventricular hypertrophy by Estes' criteria\n","thalach : maximum heart rate achieved\n","\n","target : 0= less chance of heart attack 1= more chance of heart attack\n"],"metadata":{"id":"SIDoD2pwnTAT"}},{"cell_type":"code","source":["df.head(5)"],"metadata":{"colab":{"base_uri":"https://localhost:8080/","height":206},"id":"PLT5sQP3Wv3V","executionInfo":{"status":"ok","timestamp":1686001876080,"user_tz":-180,"elapsed":14,"user":{"displayName":"daniel","userId":"08533258898488771129"}},"outputId":"3e51ac53-e168-4084-a6dc-e7785156ed69"},"execution_count":4,"outputs":[{"output_type":"execute_result","data":{"text/plain":["   age  sex  cp  trtbps  chol  fbs  restecg  thalachh  exng  oldpeak  slp  \\\n","0   63    1   3     145   233    1        0       150     0      2.3    0   \n","1   37    1   2     130   250    0        1       187     0      3.5    0   \n","2   41    0   1     130   204    0        0       172     0      1.4    2   \n","3   56    1   1     120   236    0        1       178     0      0.8    2   \n","4   57    0   0     120   354    0        1       163     1      0.6    2   \n","\n","   caa  thall  output  \n","0    0      1       1  \n","1    0      2       1  \n","2    0      2       1  \n","3    0      2       1  \n","4    0      2       1  "],"text/html":["\n","  <div id=\"df-d891bbe6-52d3-4d6a-b3c9-b640c172b374\">\n","    <div class=\"colab-df-container\">\n","      <div>\n","<style scoped>\n","    .dataframe tbody tr th:only-of-type {\n","        vertical-align: middle;\n","    }\n","\n","    .dataframe tbody tr th {\n","        vertical-align: top;\n","    }\n","\n","    .dataframe thead th {\n","        text-align: right;\n","    }\n","</style>\n","<table border=\"1\" class=\"dataframe\">\n","  <thead>\n","    <tr style=\"text-align: right;\">\n","      <th></th>\n","      <th>age</th>\n","      <th>sex</th>\n","      <th>cp</th>\n","      <th>trtbps</th>\n","      <th>chol</th>\n","      <th>fbs</th>\n","      <th>restecg</th>\n","      <th>thalachh</th>\n","      <th>exng</th>\n","      <th>oldpeak</th>\n","      <th>slp</th>\n","      <th>caa</th>\n","      <th>thall</th>\n","      <th>output</th>\n","    </tr>\n","  </thead>\n","  <tbody>\n","    <tr>\n","      <th>0</th>\n","      <td>63</td>\n","      <td>1</td>\n","      <td>3</td>\n","      <td>145</td>\n","      <td>233</td>\n","      <td>1</td>\n","      <td>0</td>\n","      <td>150</td>\n","      <td>0</td>\n","      <td>2.3</td>\n","      <td>0</td>\n","      <td>0</td>\n","      <td>1</td>\n","      <td>1</td>\n","    </tr>\n","    <tr>\n","      <th>1</th>\n","      <td>37</td>\n","      <td>1</td>\n","      <td>2</td>\n","      <td>130</td>\n","      <td>250</td>\n","      <td>0</td>\n","      <td>1</td>\n","      <td>187</td>\n","      <td>0</td>\n","      <td>3.5</td>\n","      <td>0</td>\n","      <td>0</td>\n","      <td>2</td>\n","      <td>1</td>\n","    </tr>\n","    <tr>\n","      <th>2</th>\n","      <td>41</td>\n","      <td>0</td>\n","      <td>1</td>\n","      <td>130</td>\n","      <td>204</td>\n","      <td>0</td>\n","      <td>0</td>\n","      <td>172</td>\n","      <td>0</td>\n","      <td>1.4</td>\n","      <td>2</td>\n","      <td>0</td>\n","      <td>2</td>\n","      <td>1</td>\n","    </tr>\n","    <tr>\n","      <th>3</th>\n","      <td>56</td>\n","      <td>1</td>\n","      <td>1</td>\n","      <td>120</td>\n","      <td>236</td>\n","      <td>0</td>\n","      <td>1</td>\n","      <td>178</td>\n","      <td>0</td>\n","      <td>0.8</td>\n","      <td>2</td>\n","      <td>0</td>\n","      <td>2</td>\n","      <td>1</td>\n","    </tr>\n","    <tr>\n","      <th>4</th>\n","      <td>57</td>\n","      <td>0</td>\n","      <td>0</td>\n","      <td>120</td>\n","      <td>354</td>\n","      <td>0</td>\n","      <td>1</td>\n","      <td>163</td>\n","      <td>1</td>\n","      <td>0.6</td>\n","      <td>2</td>\n","      <td>0</td>\n","      <td>2</td>\n","      <td>1</td>\n","    </tr>\n","  </tbody>\n","</table>\n","</div>\n","      <button class=\"colab-df-convert\" onclick=\"convertToInteractive('df-d891bbe6-52d3-4d6a-b3c9-b640c172b374')\"\n","              title=\"Convert this dataframe to an interactive table.\"\n","              style=\"display:none;\">\n","        \n","  <svg xmlns=\"http://www.w3.org/2000/svg\" height=\"24px\"viewBox=\"0 0 24 24\"\n","       width=\"24px\">\n","    <path d=\"M0 0h24v24H0V0z\" fill=\"none\"/>\n","    <path d=\"M18.56 5.44l.94 2.06.94-2.06 2.06-.94-2.06-.94-.94-2.06-.94 2.06-2.06.94zm-11 1L8.5 8.5l.94-2.06 2.06-.94-2.06-.94L8.5 2.5l-.94 2.06-2.06.94zm10 10l.94 2.06.94-2.06 2.06-.94-2.06-.94-.94-2.06-.94 2.06-2.06.94z\"/><path d=\"M17.41 7.96l-1.37-1.37c-.4-.4-.92-.59-1.43-.59-.52 0-1.04.2-1.43.59L10.3 9.45l-7.72 7.72c-.78.78-.78 2.05 0 2.83L4 21.41c.39.39.9.59 1.41.59.51 0 1.02-.2 1.41-.59l7.78-7.78 2.81-2.81c.8-.78.8-2.07 0-2.86zM5.41 20L4 18.59l7.72-7.72 1.47 1.35L5.41 20z\"/>\n","  </svg>\n","      </button>\n","      \n","  <style>\n","    .colab-df-container {\n","      display:flex;\n","      flex-wrap:wrap;\n","      gap: 12px;\n","    }\n","\n","    .colab-df-convert {\n","      background-color: #E8F0FE;\n","      border: none;\n","      border-radius: 50%;\n","      cursor: pointer;\n","      display: none;\n","      fill: #1967D2;\n","      height: 32px;\n","      padding: 0 0 0 0;\n","      width: 32px;\n","    }\n","\n","    .colab-df-convert:hover {\n","      background-color: #E2EBFA;\n","      box-shadow: 0px 1px 2px rgba(60, 64, 67, 0.3), 0px 1px 3px 1px rgba(60, 64, 67, 0.15);\n","      fill: #174EA6;\n","    }\n","\n","    [theme=dark] .colab-df-convert {\n","      background-color: #3B4455;\n","      fill: #D2E3FC;\n","    }\n","\n","    [theme=dark] .colab-df-convert:hover {\n","      background-color: #434B5C;\n","      box-shadow: 0px 1px 3px 1px rgba(0, 0, 0, 0.15);\n","      filter: drop-shadow(0px 1px 2px rgba(0, 0, 0, 0.3));\n","      fill: #FFFFFF;\n","    }\n","  </style>\n","\n","      <script>\n","        const buttonEl =\n","          document.querySelector('#df-d891bbe6-52d3-4d6a-b3c9-b640c172b374 button.colab-df-convert');\n","        buttonEl.style.display =\n","          google.colab.kernel.accessAllowed ? 'block' : 'none';\n","\n","        async function convertToInteractive(key) {\n","          const element = document.querySelector('#df-d891bbe6-52d3-4d6a-b3c9-b640c172b374');\n","          const dataTable =\n","            await google.colab.kernel.invokeFunction('convertToInteractive',\n","                                                     [key], {});\n","          if (!dataTable) return;\n","\n","          const docLinkHtml = 'Like what you see? Visit the ' +\n","            '<a target=\"_blank\" href=https://colab.research.google.com/notebooks/data_table.ipynb>data table notebook</a>'\n","            + ' to learn more about interactive tables.';\n","          element.innerHTML = '';\n","          dataTable['output_type'] = 'display_data';\n","          await google.colab.output.renderOutput(dataTable, element);\n","          const docLink = document.createElement('div');\n","          docLink.innerHTML = docLinkHtml;\n","          element.appendChild(docLink);\n","        }\n","      </script>\n","    </div>\n","  </div>\n","  "]},"metadata":{},"execution_count":4}]},{"cell_type":"code","source":["df.describe()"],"metadata":{"colab":{"base_uri":"https://localhost:8080/","height":300},"id":"6S5QtjCTaIZ_","executionInfo":{"status":"ok","timestamp":1686001876081,"user_tz":-180,"elapsed":14,"user":{"displayName":"daniel","userId":"08533258898488771129"}},"outputId":"bda4b52f-ab97-48f3-88ab-00bc9d107ca5"},"execution_count":5,"outputs":[{"output_type":"execute_result","data":{"text/plain":["              age         sex          cp      trtbps        chol         fbs  \\\n","count  303.000000  303.000000  303.000000  303.000000  303.000000  303.000000   \n","mean    54.366337    0.683168    0.966997  131.623762  246.264026    0.148515   \n","std      9.082101    0.466011    1.032052   17.538143   51.830751    0.356198   \n","min     29.000000    0.000000    0.000000   94.000000  126.000000    0.000000   \n","25%     47.500000    0.000000    0.000000  120.000000  211.000000    0.000000   \n","50%     55.000000    1.000000    1.000000  130.000000  240.000000    0.000000   \n","75%     61.000000    1.000000    2.000000  140.000000  274.500000    0.000000   \n","max     77.000000    1.000000    3.000000  200.000000  564.000000    1.000000   \n","\n","          restecg    thalachh        exng     oldpeak         slp         caa  \\\n","count  303.000000  303.000000  303.000000  303.000000  303.000000  303.000000   \n","mean     0.528053  149.646865    0.326733    1.039604    1.399340    0.729373   \n","std      0.525860   22.905161    0.469794    1.161075    0.616226    1.022606   \n","min      0.000000   71.000000    0.000000    0.000000    0.000000    0.000000   \n","25%      0.000000  133.500000    0.000000    0.000000    1.000000    0.000000   \n","50%      1.000000  153.000000    0.000000    0.800000    1.000000    0.000000   \n","75%      1.000000  166.000000    1.000000    1.600000    2.000000    1.000000   \n","max      2.000000  202.000000    1.000000    6.200000    2.000000    4.000000   \n","\n","            thall      output  \n","count  303.000000  303.000000  \n","mean     2.313531    0.544554  \n","std      0.612277    0.498835  \n","min      0.000000    0.000000  \n","25%      2.000000    0.000000  \n","50%      2.000000    1.000000  \n","75%      3.000000    1.000000  \n","max      3.000000    1.000000  "],"text/html":["\n","  <div id=\"df-e7de9bfd-e9cb-4a04-b9c7-b33c724248c2\">\n","    <div class=\"colab-df-container\">\n","      <div>\n","<style scoped>\n","    .dataframe tbody tr th:only-of-type {\n","        vertical-align: middle;\n","    }\n","\n","    .dataframe tbody tr th {\n","        vertical-align: top;\n","    }\n","\n","    .dataframe thead th {\n","        text-align: right;\n","    }\n","</style>\n","<table border=\"1\" class=\"dataframe\">\n","  <thead>\n","    <tr style=\"text-align: right;\">\n","      <th></th>\n","      <th>age</th>\n","      <th>sex</th>\n","      <th>cp</th>\n","      <th>trtbps</th>\n","      <th>chol</th>\n","      <th>fbs</th>\n","      <th>restecg</th>\n","      <th>thalachh</th>\n","      <th>exng</th>\n","      <th>oldpeak</th>\n","      <th>slp</th>\n","      <th>caa</th>\n","      <th>thall</th>\n","      <th>output</th>\n","    </tr>\n","  </thead>\n","  <tbody>\n","    <tr>\n","      <th>count</th>\n","      <td>303.000000</td>\n","      <td>303.000000</td>\n","      <td>303.000000</td>\n","      <td>303.000000</td>\n","      <td>303.000000</td>\n","      <td>303.000000</td>\n","      <td>303.000000</td>\n","      <td>303.000000</td>\n","      <td>303.000000</td>\n","      <td>303.000000</td>\n","      <td>303.000000</td>\n","      <td>303.000000</td>\n","      <td>303.000000</td>\n","      <td>303.000000</td>\n","    </tr>\n","    <tr>\n","      <th>mean</th>\n","      <td>54.366337</td>\n","      <td>0.683168</td>\n","      <td>0.966997</td>\n","      <td>131.623762</td>\n","      <td>246.264026</td>\n","      <td>0.148515</td>\n","      <td>0.528053</td>\n","      <td>149.646865</td>\n","      <td>0.326733</td>\n","      <td>1.039604</td>\n","      <td>1.399340</td>\n","      <td>0.729373</td>\n","      <td>2.313531</td>\n","      <td>0.544554</td>\n","    </tr>\n","    <tr>\n","      <th>std</th>\n","      <td>9.082101</td>\n","      <td>0.466011</td>\n","      <td>1.032052</td>\n","      <td>17.538143</td>\n","      <td>51.830751</td>\n","      <td>0.356198</td>\n","      <td>0.525860</td>\n","      <td>22.905161</td>\n","      <td>0.469794</td>\n","      <td>1.161075</td>\n","      <td>0.616226</td>\n","      <td>1.022606</td>\n","      <td>0.612277</td>\n","      <td>0.498835</td>\n","    </tr>\n","    <tr>\n","      <th>min</th>\n","      <td>29.000000</td>\n","      <td>0.000000</td>\n","      <td>0.000000</td>\n","      <td>94.000000</td>\n","      <td>126.000000</td>\n","      <td>0.000000</td>\n","      <td>0.000000</td>\n","      <td>71.000000</td>\n","      <td>0.000000</td>\n","      <td>0.000000</td>\n","      <td>0.000000</td>\n","      <td>0.000000</td>\n","      <td>0.000000</td>\n","      <td>0.000000</td>\n","    </tr>\n","    <tr>\n","      <th>25%</th>\n","      <td>47.500000</td>\n","      <td>0.000000</td>\n","      <td>0.000000</td>\n","      <td>120.000000</td>\n","      <td>211.000000</td>\n","      <td>0.000000</td>\n","      <td>0.000000</td>\n","      <td>133.500000</td>\n","      <td>0.000000</td>\n","      <td>0.000000</td>\n","      <td>1.000000</td>\n","      <td>0.000000</td>\n","      <td>2.000000</td>\n","      <td>0.000000</td>\n","    </tr>\n","    <tr>\n","      <th>50%</th>\n","      <td>55.000000</td>\n","      <td>1.000000</td>\n","      <td>1.000000</td>\n","      <td>130.000000</td>\n","      <td>240.000000</td>\n","      <td>0.000000</td>\n","      <td>1.000000</td>\n","      <td>153.000000</td>\n","      <td>0.000000</td>\n","      <td>0.800000</td>\n","      <td>1.000000</td>\n","      <td>0.000000</td>\n","      <td>2.000000</td>\n","      <td>1.000000</td>\n","    </tr>\n","    <tr>\n","      <th>75%</th>\n","      <td>61.000000</td>\n","      <td>1.000000</td>\n","      <td>2.000000</td>\n","      <td>140.000000</td>\n","      <td>274.500000</td>\n","      <td>0.000000</td>\n","      <td>1.000000</td>\n","      <td>166.000000</td>\n","      <td>1.000000</td>\n","      <td>1.600000</td>\n","      <td>2.000000</td>\n","      <td>1.000000</td>\n","      <td>3.000000</td>\n","      <td>1.000000</td>\n","    </tr>\n","    <tr>\n","      <th>max</th>\n","      <td>77.000000</td>\n","      <td>1.000000</td>\n","      <td>3.000000</td>\n","      <td>200.000000</td>\n","      <td>564.000000</td>\n","      <td>1.000000</td>\n","      <td>2.000000</td>\n","      <td>202.000000</td>\n","      <td>1.000000</td>\n","      <td>6.200000</td>\n","      <td>2.000000</td>\n","      <td>4.000000</td>\n","      <td>3.000000</td>\n","      <td>1.000000</td>\n","    </tr>\n","  </tbody>\n","</table>\n","</div>\n","      <button class=\"colab-df-convert\" onclick=\"convertToInteractive('df-e7de9bfd-e9cb-4a04-b9c7-b33c724248c2')\"\n","              title=\"Convert this dataframe to an interactive table.\"\n","              style=\"display:none;\">\n","        \n","  <svg xmlns=\"http://www.w3.org/2000/svg\" height=\"24px\"viewBox=\"0 0 24 24\"\n","       width=\"24px\">\n","    <path d=\"M0 0h24v24H0V0z\" fill=\"none\"/>\n","    <path d=\"M18.56 5.44l.94 2.06.94-2.06 2.06-.94-2.06-.94-.94-2.06-.94 2.06-2.06.94zm-11 1L8.5 8.5l.94-2.06 2.06-.94-2.06-.94L8.5 2.5l-.94 2.06-2.06.94zm10 10l.94 2.06.94-2.06 2.06-.94-2.06-.94-.94-2.06-.94 2.06-2.06.94z\"/><path d=\"M17.41 7.96l-1.37-1.37c-.4-.4-.92-.59-1.43-.59-.52 0-1.04.2-1.43.59L10.3 9.45l-7.72 7.72c-.78.78-.78 2.05 0 2.83L4 21.41c.39.39.9.59 1.41.59.51 0 1.02-.2 1.41-.59l7.78-7.78 2.81-2.81c.8-.78.8-2.07 0-2.86zM5.41 20L4 18.59l7.72-7.72 1.47 1.35L5.41 20z\"/>\n","  </svg>\n","      </button>\n","      \n","  <style>\n","    .colab-df-container {\n","      display:flex;\n","      flex-wrap:wrap;\n","      gap: 12px;\n","    }\n","\n","    .colab-df-convert {\n","      background-color: #E8F0FE;\n","      border: none;\n","      border-radius: 50%;\n","      cursor: pointer;\n","      display: none;\n","      fill: #1967D2;\n","      height: 32px;\n","      padding: 0 0 0 0;\n","      width: 32px;\n","    }\n","\n","    .colab-df-convert:hover {\n","      background-color: #E2EBFA;\n","      box-shadow: 0px 1px 2px rgba(60, 64, 67, 0.3), 0px 1px 3px 1px rgba(60, 64, 67, 0.15);\n","      fill: #174EA6;\n","    }\n","\n","    [theme=dark] .colab-df-convert {\n","      background-color: #3B4455;\n","      fill: #D2E3FC;\n","    }\n","\n","    [theme=dark] .colab-df-convert:hover {\n","      background-color: #434B5C;\n","      box-shadow: 0px 1px 3px 1px rgba(0, 0, 0, 0.15);\n","      filter: drop-shadow(0px 1px 2px rgba(0, 0, 0, 0.3));\n","      fill: #FFFFFF;\n","    }\n","  </style>\n","\n","      <script>\n","        const buttonEl =\n","          document.querySelector('#df-e7de9bfd-e9cb-4a04-b9c7-b33c724248c2 button.colab-df-convert');\n","        buttonEl.style.display =\n","          google.colab.kernel.accessAllowed ? 'block' : 'none';\n","\n","        async function convertToInteractive(key) {\n","          const element = document.querySelector('#df-e7de9bfd-e9cb-4a04-b9c7-b33c724248c2');\n","          const dataTable =\n","            await google.colab.kernel.invokeFunction('convertToInteractive',\n","                                                     [key], {});\n","          if (!dataTable) return;\n","\n","          const docLinkHtml = 'Like what you see? Visit the ' +\n","            '<a target=\"_blank\" href=https://colab.research.google.com/notebooks/data_table.ipynb>data table notebook</a>'\n","            + ' to learn more about interactive tables.';\n","          element.innerHTML = '';\n","          dataTable['output_type'] = 'display_data';\n","          await google.colab.output.renderOutput(dataTable, element);\n","          const docLink = document.createElement('div');\n","          docLink.innerHTML = docLinkHtml;\n","          element.appendChild(docLink);\n","        }\n","      </script>\n","    </div>\n","  </div>\n","  "]},"metadata":{},"execution_count":5}]},{"cell_type":"code","source":["df.info()"],"metadata":{"colab":{"base_uri":"https://localhost:8080/"},"id":"0vNxufiGaKf-","executionInfo":{"status":"ok","timestamp":1686001876082,"user_tz":-180,"elapsed":14,"user":{"displayName":"daniel","userId":"08533258898488771129"}},"outputId":"1c0a731e-b19f-459c-9e91-6543c8c1462a"},"execution_count":6,"outputs":[{"output_type":"stream","name":"stdout","text":["<class 'pandas.core.frame.DataFrame'>\n","RangeIndex: 303 entries, 0 to 302\n","Data columns (total 14 columns):\n"," #   Column    Non-Null Count  Dtype  \n","---  ------    --------------  -----  \n"," 0   age       303 non-null    int64  \n"," 1   sex       303 non-null    int64  \n"," 2   cp        303 non-null    int64  \n"," 3   trtbps    303 non-null    int64  \n"," 4   chol      303 non-null    int64  \n"," 5   fbs       303 non-null    int64  \n"," 6   restecg   303 non-null    int64  \n"," 7   thalachh  303 non-null    int64  \n"," 8   exng      303 non-null    int64  \n"," 9   oldpeak   303 non-null    float64\n"," 10  slp       303 non-null    int64  \n"," 11  caa       303 non-null    int64  \n"," 12  thall     303 non-null    int64  \n"," 13  output    303 non-null    int64  \n","dtypes: float64(1), int64(13)\n","memory usage: 33.3 KB\n"]}]},{"cell_type":"code","source":["df.shape"],"metadata":{"colab":{"base_uri":"https://localhost:8080/"},"id":"Hp6h92rfaMQm","executionInfo":{"status":"ok","timestamp":1686001876082,"user_tz":-180,"elapsed":11,"user":{"displayName":"daniel","userId":"08533258898488771129"}},"outputId":"0283924d-f8c9-4ebe-8f4c-186582b4fc8f"},"execution_count":7,"outputs":[{"output_type":"execute_result","data":{"text/plain":["(303, 14)"]},"metadata":{},"execution_count":7}]},{"cell_type":"markdown","source":["# Визуализация данных"],"metadata":{"id":"M-ccOSw2l1Ne"}},{"cell_type":"markdown","source":["поделим датасет на категориальные и некатегориальные величины"],"metadata":{"id":"DWPWCiy3xQTS"}},{"cell_type":"code","source":["cat_cols = df[['sex','exng','caa','cp','fbs','restecg','slp','thall', 'output']]\n","con_cols = df[['age','trtbps','chol', 'thalachh', 'oldpeak', 'output']]"],"metadata":{"id":"GcvSz99D3eO7","executionInfo":{"status":"ok","timestamp":1686001876083,"user_tz":-180,"elapsed":10,"user":{"displayName":"daniel","userId":"08533258898488771129"}}},"execution_count":8,"outputs":[]},{"cell_type":"markdown","source":["Построим корреляционную матрицу для того, чтобы выявить ненужные признаки"],"metadata":{"id":"ZQ4WwdcymWNM"}},{"cell_type":"code","source":["import plotly.express as px\n","px.imshow(df.corr())"],"metadata":{"colab":{"base_uri":"https://localhost:8080/","height":542},"id":"q6FklldzmZBZ","executionInfo":{"status":"ok","timestamp":1686001877636,"user_tz":-180,"elapsed":1563,"user":{"displayName":"daniel","userId":"08533258898488771129"}},"outputId":"f9160960-6458-4c21-fd47-1067c7383f7f"},"execution_count":9,"outputs":[{"output_type":"display_data","data":{"text/html":["<html>\n","<head><meta charset=\"utf-8\" /></head>\n","<body>\n","    <div>            <script src=\"https://cdnjs.cloudflare.com/ajax/libs/mathjax/2.7.5/MathJax.js?config=TeX-AMS-MML_SVG\"></script><script type=\"text/javascript\">if (window.MathJax && window.MathJax.Hub && window.MathJax.Hub.Config) {window.MathJax.Hub.Config({SVG: {font: \"STIX-Web\"}});}</script>                <script type=\"text/javascript\">window.PlotlyConfig = {MathJaxConfig: 'local'};</script>\n","        <script src=\"https://cdn.plot.ly/plotly-2.18.2.min.js\"></script>                <div id=\"89234fb8-f00f-417b-87fd-e0fd36eb1244\" class=\"plotly-graph-div\" style=\"height:525px; width:100%;\"></div>            <script type=\"text/javascript\">                                    window.PLOTLYENV=window.PLOTLYENV || {};                                    if (document.getElementById(\"89234fb8-f00f-417b-87fd-e0fd36eb1244\")) {                    Plotly.newPlot(                        \"89234fb8-f00f-417b-87fd-e0fd36eb1244\",                        [{\"coloraxis\":\"coloraxis\",\"name\":\"0\",\"x\":[\"age\",\"sex\",\"cp\",\"trtbps\",\"chol\",\"fbs\",\"restecg\",\"thalachh\",\"exng\",\"oldpeak\",\"slp\",\"caa\",\"thall\",\"output\"],\"y\":[\"age\",\"sex\",\"cp\",\"trtbps\",\"chol\",\"fbs\",\"restecg\",\"thalachh\",\"exng\",\"oldpeak\",\"slp\",\"caa\",\"thall\",\"output\"],\"z\":[[1.0,-0.09844660247479375,-0.06865301584014537,0.27935090656128797,0.2136779565595619,0.1213076480933747,-0.11621089815852946,-0.3985219381210681,0.09680082645526811,0.21001256735867396,-0.16881423801209605,0.27632624401913936,0.06800137705465205,-0.22543871587483838],[-0.09844660247479375,1.0,-0.04935287534698945,-0.0567688239696438,-0.19791217414110693,0.04503178919356035,-0.058196267703754766,-0.04401990776957467,0.14166381099150557,0.09609287706773899,-0.030710567303172596,0.11826141332036008,0.21004109563720721,-0.28093657550176676],[-0.06865301584014537,-0.04935287534698945,1.0,0.04760776064464909,-0.07690439103320765,0.09444403499533138,0.0444205925101639,0.29576212458791074,-0.39428026849502185,-0.14923015809708104,0.11971658853470653,-0.18105302605349538,-0.16173557051002235,0.43379826150689443],[0.27935090656128797,-0.0567688239696438,0.04760776064464909,1.0,0.12317420653239047,0.1775305419344599,-0.11410278639187008,-0.04669772814795376,0.06761611953876327,0.19321647240953582,-0.12147458192644964,0.10138898530055088,0.062209887630861084,-0.14493112849775],[0.2136779565595619,-0.19791217414110693,-0.07690439103320765,0.12317420653239047,1.0,0.013293602251671545,-0.15104007833751223,-0.009939838642698075,0.06702278257394262,0.05395191998699381,-0.004037770369683779,0.07051092522607601,0.09880299250014513,-0.08523910513756904],[0.1213076480933747,0.04503178919356035,0.09444403499533138,0.1775305419344599,0.013293602251671545,1.0,-0.0841890544310268,-0.008567107343486924,0.025665147202126176,0.005747223459644359,-0.05989417829041802,0.1379793270278513,-0.03201933931349756,-0.028045760272712952],[-0.11621089815852946,-0.058196267703754766,0.0444205925101639,-0.11410278639187008,-0.15104007833751223,-0.0841890544310268,1.0,0.04412344408543699,-0.07073285587236658,-0.05877022631983708,0.0930448209744822,-0.07204243324693001,-0.011981404599806436,0.1372295028737732],[-0.3985219381210681,-0.04401990776957467,0.29576212458791074,-0.04669772814795376,-0.009939838642698075,-0.008567107343486924,0.04412344408543699,1.0,-0.3788120938514863,-0.34418694796671606,0.38678440981481926,-0.21317692811538935,-0.09643913165982082,0.4217409338106742],[0.09680082645526811,0.14166381099150557,-0.39428026849502185,0.06761611953876327,0.06702278257394262,0.025665147202126176,-0.07073285587236658,-0.3788120938514863,1.0,0.28822280778276554,-0.25774836853016647,0.11573937807050606,0.20675378773953748,-0.43675708335330315],[0.21001256735867396,0.09609287706773899,-0.14923015809708104,0.19321647240953582,0.05395191998699381,0.005747223459644359,-0.05877022631983708,-0.34418694796671606,0.28822280778276554,1.0,-0.5775368167291409,0.22268232182782355,0.21024412598264872,-0.4306960016873686],[-0.16881423801209605,-0.030710567303172596,0.11971658853470653,-0.12147458192644964,-0.004037770369683779,-0.05989417829041802,0.0930448209744822,0.38678440981481926,-0.25774836853016647,-0.5775368167291409,1.0,-0.0801552102146397,-0.1047637946214955,0.34587707824172464],[0.27632624401913936,0.11826141332036008,-0.18105302605349538,0.10138898530055088,0.07051092522607601,0.1379793270278513,-0.07204243324693001,-0.21317692811538935,0.11573937807050606,0.22268232182782355,-0.0801552102146397,1.0,0.15183212548208916,-0.39172399235125244],[0.06800137705465205,0.21004109563720721,-0.16173557051002235,0.062209887630861084,0.09880299250014513,-0.03201933931349756,-0.011981404599806436,-0.09643913165982082,0.20675378773953748,0.21024412598264872,-0.1047637946214955,0.15183212548208916,1.0,-0.34402926803830997],[-0.22543871587483838,-0.28093657550176676,0.43379826150689443,-0.14493112849775,-0.08523910513756904,-0.028045760272712952,0.1372295028737732,0.4217409338106742,-0.43675708335330315,-0.4306960016873686,0.34587707824172464,-0.39172399235125244,-0.34402926803830997,1.0]],\"type\":\"heatmap\",\"xaxis\":\"x\",\"yaxis\":\"y\",\"hovertemplate\":\"x: %{x}<br>y: %{y}<br>color: %{z}<extra></extra>\"}],                        {\"template\":{\"data\":{\"histogram2dcontour\":[{\"type\":\"histogram2dcontour\",\"colorbar\":{\"outlinewidth\":0,\"ticks\":\"\"},\"colorscale\":[[0.0,\"#0d0887\"],[0.1111111111111111,\"#46039f\"],[0.2222222222222222,\"#7201a8\"],[0.3333333333333333,\"#9c179e\"],[0.4444444444444444,\"#bd3786\"],[0.5555555555555556,\"#d8576b\"],[0.6666666666666666,\"#ed7953\"],[0.7777777777777778,\"#fb9f3a\"],[0.8888888888888888,\"#fdca26\"],[1.0,\"#f0f921\"]]}],\"choropleth\":[{\"type\":\"choropleth\",\"colorbar\":{\"outlinewidth\":0,\"ticks\":\"\"}}],\"histogram2d\":[{\"type\":\"histogram2d\",\"colorbar\":{\"outlinewidth\":0,\"ticks\":\"\"},\"colorscale\":[[0.0,\"#0d0887\"],[0.1111111111111111,\"#46039f\"],[0.2222222222222222,\"#7201a8\"],[0.3333333333333333,\"#9c179e\"],[0.4444444444444444,\"#bd3786\"],[0.5555555555555556,\"#d8576b\"],[0.6666666666666666,\"#ed7953\"],[0.7777777777777778,\"#fb9f3a\"],[0.8888888888888888,\"#fdca26\"],[1.0,\"#f0f921\"]]}],\"heatmap\":[{\"type\":\"heatmap\",\"colorbar\":{\"outlinewidth\":0,\"ticks\":\"\"},\"colorscale\":[[0.0,\"#0d0887\"],[0.1111111111111111,\"#46039f\"],[0.2222222222222222,\"#7201a8\"],[0.3333333333333333,\"#9c179e\"],[0.4444444444444444,\"#bd3786\"],[0.5555555555555556,\"#d8576b\"],[0.6666666666666666,\"#ed7953\"],[0.7777777777777778,\"#fb9f3a\"],[0.8888888888888888,\"#fdca26\"],[1.0,\"#f0f921\"]]}],\"heatmapgl\":[{\"type\":\"heatmapgl\",\"colorbar\":{\"outlinewidth\":0,\"ticks\":\"\"},\"colorscale\":[[0.0,\"#0d0887\"],[0.1111111111111111,\"#46039f\"],[0.2222222222222222,\"#7201a8\"],[0.3333333333333333,\"#9c179e\"],[0.4444444444444444,\"#bd3786\"],[0.5555555555555556,\"#d8576b\"],[0.6666666666666666,\"#ed7953\"],[0.7777777777777778,\"#fb9f3a\"],[0.8888888888888888,\"#fdca26\"],[1.0,\"#f0f921\"]]}],\"contourcarpet\":[{\"type\":\"contourcarpet\",\"colorbar\":{\"outlinewidth\":0,\"ticks\":\"\"}}],\"contour\":[{\"type\":\"contour\",\"colorbar\":{\"outlinewidth\":0,\"ticks\":\"\"},\"colorscale\":[[0.0,\"#0d0887\"],[0.1111111111111111,\"#46039f\"],[0.2222222222222222,\"#7201a8\"],[0.3333333333333333,\"#9c179e\"],[0.4444444444444444,\"#bd3786\"],[0.5555555555555556,\"#d8576b\"],[0.6666666666666666,\"#ed7953\"],[0.7777777777777778,\"#fb9f3a\"],[0.8888888888888888,\"#fdca26\"],[1.0,\"#f0f921\"]]}],\"surface\":[{\"type\":\"surface\",\"colorbar\":{\"outlinewidth\":0,\"ticks\":\"\"},\"colorscale\":[[0.0,\"#0d0887\"],[0.1111111111111111,\"#46039f\"],[0.2222222222222222,\"#7201a8\"],[0.3333333333333333,\"#9c179e\"],[0.4444444444444444,\"#bd3786\"],[0.5555555555555556,\"#d8576b\"],[0.6666666666666666,\"#ed7953\"],[0.7777777777777778,\"#fb9f3a\"],[0.8888888888888888,\"#fdca26\"],[1.0,\"#f0f921\"]]}],\"mesh3d\":[{\"type\":\"mesh3d\",\"colorbar\":{\"outlinewidth\":0,\"ticks\":\"\"}}],\"scatter\":[{\"fillpattern\":{\"fillmode\":\"overlay\",\"size\":10,\"solidity\":0.2},\"type\":\"scatter\"}],\"parcoords\":[{\"type\":\"parcoords\",\"line\":{\"colorbar\":{\"outlinewidth\":0,\"ticks\":\"\"}}}],\"scatterpolargl\":[{\"type\":\"scatterpolargl\",\"marker\":{\"colorbar\":{\"outlinewidth\":0,\"ticks\":\"\"}}}],\"bar\":[{\"error_x\":{\"color\":\"#2a3f5f\"},\"error_y\":{\"color\":\"#2a3f5f\"},\"marker\":{\"line\":{\"color\":\"#E5ECF6\",\"width\":0.5},\"pattern\":{\"fillmode\":\"overlay\",\"size\":10,\"solidity\":0.2}},\"type\":\"bar\"}],\"scattergeo\":[{\"type\":\"scattergeo\",\"marker\":{\"colorbar\":{\"outlinewidth\":0,\"ticks\":\"\"}}}],\"scatterpolar\":[{\"type\":\"scatterpolar\",\"marker\":{\"colorbar\":{\"outlinewidth\":0,\"ticks\":\"\"}}}],\"histogram\":[{\"marker\":{\"pattern\":{\"fillmode\":\"overlay\",\"size\":10,\"solidity\":0.2}},\"type\":\"histogram\"}],\"scattergl\":[{\"type\":\"scattergl\",\"marker\":{\"colorbar\":{\"outlinewidth\":0,\"ticks\":\"\"}}}],\"scatter3d\":[{\"type\":\"scatter3d\",\"line\":{\"colorbar\":{\"outlinewidth\":0,\"ticks\":\"\"}},\"marker\":{\"colorbar\":{\"outlinewidth\":0,\"ticks\":\"\"}}}],\"scattermapbox\":[{\"type\":\"scattermapbox\",\"marker\":{\"colorbar\":{\"outlinewidth\":0,\"ticks\":\"\"}}}],\"scatterternary\":[{\"type\":\"scatterternary\",\"marker\":{\"colorbar\":{\"outlinewidth\":0,\"ticks\":\"\"}}}],\"scattercarpet\":[{\"type\":\"scattercarpet\",\"marker\":{\"colorbar\":{\"outlinewidth\":0,\"ticks\":\"\"}}}],\"carpet\":[{\"aaxis\":{\"endlinecolor\":\"#2a3f5f\",\"gridcolor\":\"white\",\"linecolor\":\"white\",\"minorgridcolor\":\"white\",\"startlinecolor\":\"#2a3f5f\"},\"baxis\":{\"endlinecolor\":\"#2a3f5f\",\"gridcolor\":\"white\",\"linecolor\":\"white\",\"minorgridcolor\":\"white\",\"startlinecolor\":\"#2a3f5f\"},\"type\":\"carpet\"}],\"table\":[{\"cells\":{\"fill\":{\"color\":\"#EBF0F8\"},\"line\":{\"color\":\"white\"}},\"header\":{\"fill\":{\"color\":\"#C8D4E3\"},\"line\":{\"color\":\"white\"}},\"type\":\"table\"}],\"barpolar\":[{\"marker\":{\"line\":{\"color\":\"#E5ECF6\",\"width\":0.5},\"pattern\":{\"fillmode\":\"overlay\",\"size\":10,\"solidity\":0.2}},\"type\":\"barpolar\"}],\"pie\":[{\"automargin\":true,\"type\":\"pie\"}]},\"layout\":{\"autotypenumbers\":\"strict\",\"colorway\":[\"#636efa\",\"#EF553B\",\"#00cc96\",\"#ab63fa\",\"#FFA15A\",\"#19d3f3\",\"#FF6692\",\"#B6E880\",\"#FF97FF\",\"#FECB52\"],\"font\":{\"color\":\"#2a3f5f\"},\"hovermode\":\"closest\",\"hoverlabel\":{\"align\":\"left\"},\"paper_bgcolor\":\"white\",\"plot_bgcolor\":\"#E5ECF6\",\"polar\":{\"bgcolor\":\"#E5ECF6\",\"angularaxis\":{\"gridcolor\":\"white\",\"linecolor\":\"white\",\"ticks\":\"\"},\"radialaxis\":{\"gridcolor\":\"white\",\"linecolor\":\"white\",\"ticks\":\"\"}},\"ternary\":{\"bgcolor\":\"#E5ECF6\",\"aaxis\":{\"gridcolor\":\"white\",\"linecolor\":\"white\",\"ticks\":\"\"},\"baxis\":{\"gridcolor\":\"white\",\"linecolor\":\"white\",\"ticks\":\"\"},\"caxis\":{\"gridcolor\":\"white\",\"linecolor\":\"white\",\"ticks\":\"\"}},\"coloraxis\":{\"colorbar\":{\"outlinewidth\":0,\"ticks\":\"\"}},\"colorscale\":{\"sequential\":[[0.0,\"#0d0887\"],[0.1111111111111111,\"#46039f\"],[0.2222222222222222,\"#7201a8\"],[0.3333333333333333,\"#9c179e\"],[0.4444444444444444,\"#bd3786\"],[0.5555555555555556,\"#d8576b\"],[0.6666666666666666,\"#ed7953\"],[0.7777777777777778,\"#fb9f3a\"],[0.8888888888888888,\"#fdca26\"],[1.0,\"#f0f921\"]],\"sequentialminus\":[[0.0,\"#0d0887\"],[0.1111111111111111,\"#46039f\"],[0.2222222222222222,\"#7201a8\"],[0.3333333333333333,\"#9c179e\"],[0.4444444444444444,\"#bd3786\"],[0.5555555555555556,\"#d8576b\"],[0.6666666666666666,\"#ed7953\"],[0.7777777777777778,\"#fb9f3a\"],[0.8888888888888888,\"#fdca26\"],[1.0,\"#f0f921\"]],\"diverging\":[[0,\"#8e0152\"],[0.1,\"#c51b7d\"],[0.2,\"#de77ae\"],[0.3,\"#f1b6da\"],[0.4,\"#fde0ef\"],[0.5,\"#f7f7f7\"],[0.6,\"#e6f5d0\"],[0.7,\"#b8e186\"],[0.8,\"#7fbc41\"],[0.9,\"#4d9221\"],[1,\"#276419\"]]},\"xaxis\":{\"gridcolor\":\"white\",\"linecolor\":\"white\",\"ticks\":\"\",\"title\":{\"standoff\":15},\"zerolinecolor\":\"white\",\"automargin\":true,\"zerolinewidth\":2},\"yaxis\":{\"gridcolor\":\"white\",\"linecolor\":\"white\",\"ticks\":\"\",\"title\":{\"standoff\":15},\"zerolinecolor\":\"white\",\"automargin\":true,\"zerolinewidth\":2},\"scene\":{\"xaxis\":{\"backgroundcolor\":\"#E5ECF6\",\"gridcolor\":\"white\",\"linecolor\":\"white\",\"showbackground\":true,\"ticks\":\"\",\"zerolinecolor\":\"white\",\"gridwidth\":2},\"yaxis\":{\"backgroundcolor\":\"#E5ECF6\",\"gridcolor\":\"white\",\"linecolor\":\"white\",\"showbackground\":true,\"ticks\":\"\",\"zerolinecolor\":\"white\",\"gridwidth\":2},\"zaxis\":{\"backgroundcolor\":\"#E5ECF6\",\"gridcolor\":\"white\",\"linecolor\":\"white\",\"showbackground\":true,\"ticks\":\"\",\"zerolinecolor\":\"white\",\"gridwidth\":2}},\"shapedefaults\":{\"line\":{\"color\":\"#2a3f5f\"}},\"annotationdefaults\":{\"arrowcolor\":\"#2a3f5f\",\"arrowhead\":0,\"arrowwidth\":1},\"geo\":{\"bgcolor\":\"white\",\"landcolor\":\"#E5ECF6\",\"subunitcolor\":\"white\",\"showland\":true,\"showlakes\":true,\"lakecolor\":\"white\"},\"title\":{\"x\":0.05},\"mapbox\":{\"style\":\"light\"}}},\"xaxis\":{\"anchor\":\"y\",\"domain\":[0.0,1.0],\"scaleanchor\":\"y\",\"constrain\":\"domain\"},\"yaxis\":{\"anchor\":\"x\",\"domain\":[0.0,1.0],\"autorange\":\"reversed\",\"constrain\":\"domain\"},\"coloraxis\":{\"colorscale\":[[0.0,\"#0d0887\"],[0.1111111111111111,\"#46039f\"],[0.2222222222222222,\"#7201a8\"],[0.3333333333333333,\"#9c179e\"],[0.4444444444444444,\"#bd3786\"],[0.5555555555555556,\"#d8576b\"],[0.6666666666666666,\"#ed7953\"],[0.7777777777777778,\"#fb9f3a\"],[0.8888888888888888,\"#fdca26\"],[1.0,\"#f0f921\"]]},\"margin\":{\"t\":60}},                        {\"responsive\": true}                    ).then(function(){\n","                            \n","var gd = document.getElementById('89234fb8-f00f-417b-87fd-e0fd36eb1244');\n","var x = new MutationObserver(function (mutations, observer) {{\n","        var display = window.getComputedStyle(gd).display;\n","        if (!display || display === 'none') {{\n","            console.log([gd, 'removed!']);\n","            Plotly.purge(gd);\n","            observer.disconnect();\n","        }}\n","}});\n","\n","// Listen for the removal of the full notebook cells\n","var notebookContainer = gd.closest('#notebook-container');\n","if (notebookContainer) {{\n","    x.observe(notebookContainer, {childList: true});\n","}}\n","\n","// Listen for the clearing of the current output cell\n","var outputEl = gd.closest('.output');\n","if (outputEl) {{\n","    x.observe(outputEl, {childList: true});\n","}}\n","\n","                        })                };                            </script>        </div>\n","</body>\n","</html>"]},"metadata":{}}]},{"cell_type":"code","source":["px.histogram(df, x='age').show()"],"metadata":{"colab":{"base_uri":"https://localhost:8080/","height":542},"id":"2tpphGnZmuMX","executionInfo":{"status":"ok","timestamp":1686001877884,"user_tz":-180,"elapsed":252,"user":{"displayName":"daniel","userId":"08533258898488771129"}},"outputId":"447a591a-b5e4-4bc8-dba5-265d916e7327"},"execution_count":10,"outputs":[{"output_type":"display_data","data":{"text/html":["<html>\n","<head><meta charset=\"utf-8\" /></head>\n","<body>\n","    <div>            <script src=\"https://cdnjs.cloudflare.com/ajax/libs/mathjax/2.7.5/MathJax.js?config=TeX-AMS-MML_SVG\"></script><script type=\"text/javascript\">if (window.MathJax && window.MathJax.Hub && window.MathJax.Hub.Config) {window.MathJax.Hub.Config({SVG: {font: \"STIX-Web\"}});}</script>                <script type=\"text/javascript\">window.PlotlyConfig = {MathJaxConfig: 'local'};</script>\n","        <script src=\"https://cdn.plot.ly/plotly-2.18.2.min.js\"></script>                <div id=\"4ebc8bed-5992-47e9-840f-ac306ec786fe\" class=\"plotly-graph-div\" style=\"height:525px; width:100%;\"></div>            <script type=\"text/javascript\">                                    window.PLOTLYENV=window.PLOTLYENV || {};                                    if (document.getElementById(\"4ebc8bed-5992-47e9-840f-ac306ec786fe\")) {                    Plotly.newPlot(                        \"4ebc8bed-5992-47e9-840f-ac306ec786fe\",                        [{\"alignmentgroup\":\"True\",\"bingroup\":\"x\",\"hovertemplate\":\"age=%{x}<br>count=%{y}<extra></extra>\",\"legendgroup\":\"\",\"marker\":{\"color\":\"#636efa\",\"pattern\":{\"shape\":\"\"}},\"name\":\"\",\"offsetgroup\":\"\",\"orientation\":\"v\",\"showlegend\":false,\"x\":[63,37,41,56,57,57,56,44,52,57,54,48,49,64,58,50,58,66,43,69,59,44,42,61,40,71,59,51,65,53,41,65,44,54,51,46,54,54,65,65,51,48,45,53,39,52,44,47,53,53,51,66,62,44,63,52,48,45,34,57,71,54,52,41,58,35,51,45,44,62,54,51,29,51,43,55,51,59,52,58,41,45,60,52,42,67,68,46,54,58,48,57,52,54,45,53,62,52,43,53,42,59,63,42,50,68,69,45,50,50,64,57,64,43,55,37,41,56,46,46,64,59,41,54,39,34,47,67,52,74,54,49,42,41,41,49,60,62,57,64,51,43,42,67,76,70,44,60,44,42,66,71,64,66,39,58,47,35,58,56,56,55,41,38,38,67,67,62,63,53,56,48,58,58,60,40,60,64,43,57,55,65,61,58,50,44,60,54,50,41,51,58,54,60,60,59,46,67,62,65,44,60,58,68,62,52,59,60,49,59,57,61,39,61,56,43,62,63,65,48,63